FPR: tensor([0.0000, 0.0091, 0.0182, 0.2636, 0.2636, 0.2636, 0.7909, 0.8000, 0.8000,
        0.8000, 0.8091, 0.8182, 0.8182, 0.8273, 0.8364, 0.8364, 0.8455, 0.8455,
        0.9818, 0.9909, 0.9909, 0.9909, 0.9909, 0.9909, 0.9909, 1.0000, 1.0000,
        1.0000, 1.0000, 1.0000, 1.0000, 1.0000, 1.0000, 1.0000, 1.0000, 1.0000,
        1.0000, 1.0000, 1.0000, 1.0000, 1.0000, 1.0000, 1.0000, 1.0000, 1.0000,
        1.0000, 1.0000, 1.0000, 1.0000, 1.0000])
TPR: tensor([0.0000, 0.0000, 0.0111, 0.0778, 0.0889, 0.1000, 0.1444, 0.1444, 0.1556,
        0.1667, 0.1667, 0.1667, 0.1889, 0.1889, 0.2222, 0.2333, 0.2333, 0.2444,
        0.3222, 0.3222, 0.3333, 0.3778, 0.3889, 0.4222, 0.4333, 0.4333, 0.4444,
        0.4556, 0.4889, 0.5000, 0.5111, 0.5333, 0.5556, 0.6556, 0.6667, 0.6778,
        0.6889, 0.7000, 0.7111, 0.7333, 0.7667, 0.8111, 0.8444, 0.8556, 0.8667,
        0.8778, 0.9556, 0.9667, 0.9889, 1.0000])
Thresholds: tensor([1.0000, 0.4880, 0.4849, 0.4787, 0.4775, 0.4762, 0.4762, 0.4753, 0.4750,
        0.4748, 0.4747, 0.4745, 0.4732, 0.4730, 0.4723, 0.4719, 0.4717, 0.4712,
        0.4707, 0.4707, 0.4691, 0.4690, 0.4674, 0.4672, 0.4669, 0.4665, 0.4661,
        0.4660, 0.4654, 0.4648, 0.4646, 0.4645, 0.4645, 0.4640, 0.4640, 0.4634,
        0.4632, 0.4625, 0.4607, 0.4605, 0.4595, 0.4590, 0.4579, 0.4578, 0.4572,
        0.4569, 0.4541, 0.4539, 0.4537, 0.4524]